
Iteration 0:
0	0	0	0	
0	None	0	0	
0	0	0	0	

Iteration 1:
-0.04	-0.04	-0.044	1	
-0.04	None	-0.04	-1	
-0.04	-0.04	-0.04	-0.04	

Iteration 2:
-0.08000000000000002	-0.0832	0.74716	1	
-0.08000000000000002	None	-0.0844	-1	
-0.08000000000000002	-0.08000000000000002	-0.08000000000000002	-0.084	

Iteration 3:
-0.12032000000000001	0.541088	0.8796448	1	
-0.12000000000000002	None	0.4492880000000001	-1	
-0.12000000000000002	-0.12000000000000002	-0.12364000000000003	-0.12796400000000002	

Iteration 4:
0.36481280000000005	0.77193344	0.908828944	1	
-0.16025600000000004	None	0.6086446400000001	-1	
-0.16000000000000006	-0.16291200000000006	0.2903428000000001	0.07947784000000008	

Iteration 5:
0.636007936	0.8414498432	0.91567565632	1	
0.21979903999999997	None	0.6479276192000001	-1	
-0.20002560000000008	0.15969184000000008	0.47083268000000006	0.24461392800000006	

Iteration 6:
0.74803728384	0.8608304936960001	0.9173008943295999	1	
0.5127661568000002	None	0.6573332869760001	-1	
0.13180585599999997	0.36860451200000016	0.5396639393600001	0.3161925442880002	

Iteration 7:
0.789566429184	0.86600681420288	0.917687493849088	1	
0.6609830584319999	None	0.65957404416128	-1	
0.4202539622400002	0.4654520538880002	0.5640310893984001	0.3428441259475202	

Iteration 8:
0.8041470697840639	0.8673513579198464	0.9177794893344488	1	
0.7238497550335999	None	0.6601073994953984	-1	
0.5773570483584	0.5149760494643201	0.573441252870208	0.3530374148909184	

Iteration 9:
0.8091045539976807	0.8676938630515283	0.9178013820751548	1	
0.7480876068339711	None	0.6602343314170989	-1	
0.6483131138091519	0.5816457009401854	0.5815542311794292	0.36054712643263526	

Iteration 10:
0.8107556622974846	0.8677798782704296	0.9178065920876989	1	
0.7569011645649388	None	0.6602645388018338	-1	
0.6814659669421106	0.6215019137417256	0.5863923691511151	0.3651686079641557	

Iteration 11:
0.8112979451211897	0.867801249324245	0.9178078319638041	1	
0.7599847627509756	None	0.6602717275503425	-1	
0.6958177197203347	0.6409545585246128	0.5974293376149851	0.37446033088840364	

Iteration 12:
0.8114743248362296	0.8678065154358923	0.9178081270289882	1	
0.761035308647147	None	0.6602734383260775	-1	
0.7016650380252752	0.6495229421251426	0.6053884602166468	0.3817568012621579	

Iteration 13:
0.8115312969921781	0.8678078047103691	0.9178081972484787	1	
0.761386521598413	None	0.6602738454557984	-1	
0.7039470449327594	0.653062224371236	0.6090159693512612	0.38538845560722484	

Iteration 14:
0.8115496076588556	0.8678081187408567	0.9178082139592841	1	
0.761502341913425	None	0.6602739423443629	-1	
0.7048101442091299	0.6544605602415511	0.6104974296739468	0.38693678929988	

Iteration 15:
0.811555471209548	0.8678081949155987	0.9178082179361147	1	
0.7615401545097695	None	0.6602739654018636	-1	
0.7051289439758082	0.6549952672289567	0.6110733509849964	0.38755235971798513	

Iteration 16:
0.8115573438403929	0.8678082133320115	0.9178082188825193	1	
0.7615524078695923	None	0.660273970889078	-1	
0.7052445447282921	0.6551946892284252	0.6112904830214261	0.38778762238893943	

Iteration 17:
0.8115579407142718	0.8678082177724178	0.9178082191077442	1	
0.7615563566462328	None	0.6602739721949232	-1	
0.7052858496913456	0.6552676175987615	0.6113705394700596	0.3878751938149417	

Iteration 18:
0.8115581306794277	0.8678082188406789	0.9178082191613433	1	
0.761557623900664	None	0.6602739725056878	-1	
0.7053004320459969	0.6552938691565499	0.6113995464917382	0.3879071565748848	

Iteration 19:
0.8115581910728533	0.8678082190972104	0.9178082191740987	1	
0.761558029323675	None	0.6602739725796435	-1	
0.7053055292407858	0.6553031972239387	0.6114099096788934	0.3879186434006033	

Iteration 20:
0.8115582102573554	0.8678082191587211	0.9178082191771342	1	
0.7615581587230176	None	0.6602739725972434	-1	
0.7053072961054125	0.6553064763291178	0.6114135692891479	0.38792271977137877	

Iteration 21:
0.8115582163477612	0.8678082191734515	0.9178082191778566	1	
0.7615581999504879	None	0.6602739726014316	-1	
0.7053079042218671	0.6553076186433173	0.6114148491032929	0.38792415125977225	

Iteration 22:
0.8115582182803679	0.8678082191769756	0.9178082191780286	1	
0.7615582130683066	None	0.6602739726024285	-1	
0.7053081122469087	0.6553080135261904	0.6114152929914248	0.38792464951911715	

Iteration 23:
0.8115582188934128	0.8678082191778179	0.9178082191780694	1	
0.7615582172379556	None	0.6602739726026657	-1	
0.7053081830319552	0.6553081491308022	0.6114154458640271	0.3879248216431334	

Iteration 24:
0.8115582190878279	0.8678082191780192	0.9178082191780791	1	
0.7615582185623213	None	0.6602739726027221	-1	
0.7053082070066402	0.6553081954314726	0.6114154981918474	0.38792488071779124	

Iteration 25:
0.8115582191494708	0.867808219178067	0.9178082191780814	1	
0.7615582189827266	None	0.6602739726027355	-1	
0.7053082150936683	0.6553082111612291	0.6114155160084401	0.3879249008785313	

Iteration 26:
0.8115582191690129	0.8678082191780785	0.917808219178082	1	
0.7615582191161219	None	0.6602739726027387	-1	
0.705308217811671	0.6553082164815827	0.6114155220463836	0.3879249077249601	

Iteration 27:
0.8115582191752075	0.8678082191780814	0.9178082191780822	1	
0.7615582191584347	None	0.6602739726027395	-1	
0.7053082187222228	0.6553082182740948	0.611415524084188	0.38792491003984647	

Iteration 28:
0.8115582191771712	0.867808219178082	0.9178082191780822	1	
0.761558219171853	None	0.6602739726027398	-1	
0.7053082190263794	0.6553082188759224	0.6114155247694306	0.38792491081952923	

Iteration 29:
0.8115582191777935	0.8678082191780823	0.9178082191780822	1	
0.7615582191761076	None	0.6602739726027398	-1	
0.7053082191277125	0.6553082190773545	0.6114155249991006	0.38792491108123345	

Iteration 30:
0.8115582191779908	0.8678082191780823	0.9178082191780822	1	
0.7615582191774563	None	0.6602739726027398	-1	
0.7053082191613927	0.655308219144585	0.6114155250758521	0.38792491116880506	

Iteration 31:
0.8115582191780532	0.8678082191780823	0.9178082191780822	1	
0.7615582191778838	None	0.6602739726027398	-1	
0.7053082191725627	0.6553082191669671	0.6114155251014329	0.3879249111980269	

Iteration 32:
0.811558219178073	0.8678082191780823	0.9178082191780822	1	
0.7615582191780192	None	0.6602739726027398	-1	
0.70530821917626	0.6553082191744013	0.6114155251099382	0.38792491120775335	

Iteration 33:
0.8115582191780794	0.8678082191780823	0.9178082191780822	1	
0.7615582191780622	None	0.6602739726027398	-1	
0.7053082191774814	0.6553082191768653	0.6114155251127601	0.38792491121098344	

Iteration 34:
0.8115582191780812	0.8678082191780823	0.9178082191780822	1	
0.761558219178076	None	0.6602739726027398	-1	
0.7053082191778846	0.6553082191776808	0.6114155251136947	0.38792491121205414	

Iteration 35:
0.8115582191780819	0.8678082191780823	0.9178082191780822	1	
0.7615582191780801	None	0.6602739726027398	-1	
0.7053082191780173	0.6553082191779499	0.6114155251140033	0.3879249112124081	

Iteration 36:
0.8115582191780821	0.8678082191780823	0.9178082191780822	1	
0.7615582191780815	None	0.6602739726027398	-1	
0.7053082191780607	0.6553082191780386	0.6114155251141051	0.387924911212525	

Iteration 37:
0.8115582191780822	0.8678082191780823	0.9178082191780822	1	
0.761558219178082	None	0.6602739726027398	-1	
0.7053082191780753	0.655308219178068	0.6114155251141389	0.38792491121256373	

Iteration 38:
0.8115582191780822	0.8678082191780823	0.9178082191780822	1	
0.7615582191780823	None	0.6602739726027398	-1	
0.70530821917808	0.6553082191780776	0.6114155251141499	0.3879249112125764	

Iteration 39:
0.8115582191780822	0.8678082191780823	0.9178082191780822	1	
0.7615582191780823	None	0.6602739726027398	-1	
0.7053082191780816	0.6553082191780809	0.6114155251141536	0.3879249112125806	

Iteration 40:
0.8115582191780822	0.8678082191780823	0.9178082191780822	1	
0.7615582191780823	None	0.6602739726027398	-1	
0.7053082191780821	0.6553082191780819	0.6114155251141549	0.38792491121258205	

Iteration 41:
0.8115582191780822	0.8678082191780823	0.9178082191780822	1	
0.7615582191780823	None	0.6602739726027398	-1	
0.7053082191780823	0.6553082191780822	0.6114155251141552	0.3879249112125824	

Iteration 42:
0.8115582191780822	0.8678082191780823	0.9178082191780822	1	
0.7615582191780823	None	0.6602739726027398	-1	
0.7053082191780823	0.6553082191780822	0.6114155251141552	0.3879249112125825	

Iteration 43:
0.8115582191780822	0.8678082191780823	0.9178082191780822	1	
0.7615582191780823	None	0.6602739726027398	-1	
0.7053082191780823	0.6553082191780822	0.6114155251141552	0.3879249112125825	

Final utility values:
0.8115582191780822	0.8678082191780823	0.9178082191780822	1	
0.7615582191780823	None	0.6602739726027398	-1	
0.7053082191780823	0.6553082191780822	0.6114155251141552	0.3879249112125825	
