
Iteration 0:
0	0	0	0	0	
0	None	0	0	0	
0	None	0	0	0	
0	0	0	0	0	

Iteration 1:
-0.04	-0.04	-0.0434	0.38919899999999996	2	
-0.04	None	-0.04	0.6365999999999999	-3	
-0.04	None	-0.04	1	0.6365999999999999	
-0.04	-0.04	-0.04	-0.04	-0.04	

Iteration 2:
-0.07400000000000001	-0.076312	0.2876826330000001	1.38900596690375	2	
-0.07400000000000001	None	0.44277535	0.42263590475	-3	
-0.07400000000000001	None	0.63031	1	0.42266046975	
-0.07400000000000001	-0.07400000000000001	-0.07400000000000001	0.63031	0.44306435	

Iteration 3:
-0.10309652	0.14265115044000004	0.9731385956076186	1.4970287807900413	2	
-0.10290000000000002	None	0.5195472271537499	0.6936855718026186	-3	
-0.10290000000000002	None	0.7146871625	1	0.43424773730629995	
-0.10290000000000002	-0.10290000000000002	0.4358971500000001	0.7147117274999999	0.5195905843787499	

Iteration 4:
0.03739369424320003	0.6459849405879806	1.122309369362456	1.5139378164096973	2	
-0.1275986336	None	0.724859032924472	0.7845925887358083	-3	
-0.12746500000000002	None	0.7303848238153812	1	0.4475745593090351	
-0.12746500000000002	0.23891706200000004	0.5438036412624998	0.7303885091795063	0.5377404435852935	

Iteration 5:
0.39936577888223584	0.8329878110664267	1.157249281070048	1.5172672180921347	2	
-0.036264055626623985	None	0.8514737590075937	0.8068529846742396	-3	
0.006871245468800018	None	0.7496354852893432	1	0.45207198407096555	
0.10079455216000002	0.37040237659849995	0.5649702057736842	0.7337304051955131	0.5426884507789669	

Iteration 6:
0.5795371291457487	0.8885374390089253	1.1655783163625557	1.5180057443729176	2	
0.22540384018339424	None	0.8878872843405885	0.8122121274716017	-3	
0.11146525377178704	None	0.7608829130538766	1	0.4534190330218526	
0.221025208885428	0.40714814394785026	0.5706781592733062	0.7346361618544431	0.5441072270232655	

Iteration 7:
0.6468204460587322	0.9036446197580551	1.1675717080005001	1.518177780116021	2	
0.3924039006502862	None	0.8971017051305741	0.8134975511096828	-3	
0.1592323436442768	None	0.7643720193171761	1	0.4539313259969274	
0.26512242721040147	0.4172763327769828	0.5753129429203072	0.7351507144452036	0.5446922179265735	

Iteration 8:
0.6691145374970611	0.9075683467992094	1.1680492100077018	1.5182185885702129	2	
0.4665465664304866	None	0.8993496982207619	0.8138056148276591	-3	
0.2539041508617217	None	0.765395843708799	1	0.4541725391943998	
0.27981806181099594	0.42214977775789597	0.5781435149729433	0.7354410372964589	0.5449829065950896	

Iteration 9:
0.6760376296629632	0.9085600817611028	1.1681636145536194	1.51822833172322	2	
0.4943108017911843	None	0.899891664414353	0.8138794317029647	-3	
0.3204153708192236	None	0.7656680901631935	1	0.4542727431115616	
0.29242823695255027	0.42490305240044385	0.57909842134622	0.7355469128750113	0.5451001136471142	

Iteration 10:
0.6781018201993037	0.9088064717958487	1.168191025899494	1.5182306632827807	2	
0.5037384244753162	None	0.9000218010664333	0.8138971186624363	-3	
0.35060195825727336	None	0.7657387312503593	1	0.4543097965039449	
0.30102578229290267	0.42602044542350515	0.5793875267663454	0.735581449435144	0.5451420784403854	

Iteration 11:
0.6787003609793061	0.9088669978169504	1.1681975937257798	1.5182312216836038	2	
0.5067447698963302	None	0.90005300578861	0.8139013565243227	-3	
0.3621444615469515	None	0.7657569182601809	1	0.4543224574600311	
0.3050822608347485	0.4264069939231108	0.579471354935696	0.7355921418369669	0.5451560658194055	

Iteration 12:
0.6788704319883732	0.9088817533624118	1.1681991673966028	1.5182313554571487	2	
0.5076628563483042	None	0.9000604845301295	0.8139023719299116	-3	
0.36615100199248635	None	0.7657615857493275	1	0.45432655545159345	
0.3066710272701599	0.4265297103232022	0.5794950618505373	0.7355953458519451	0.5451605096580747	

Iteration 13:
0.6789180182486126	0.9088853319012999	1.1681995444530198	1.5182313875079239	2	
0.5079345793313055	None	0.9000622766287935	0.8139026152243085	-3	
0.36745641265556955	None	0.7657627815707286	1	0.45432783116265796	
0.30723007550710246	0.42656669281330983	0.5795016515960894	0.7355962837066039	0.5451618734548125	

Iteration 14:
0.6789311733701231	0.9088861966512743	1.1681996347969181	1.5182313951872386	2	
0.5080131308953784	None	0.9000627060355672	0.8139026735184114	-3	
0.3678631040967346	None	0.7657630875927552	1	0.4543282168322556	
0.30741370260687784	0.4265774608636034	0.579503459756563	0.7355965533229669	0.5451622811521024	

Iteration 15:
0.6789347750215584	0.9088864050926211	1.1681996564435997	1.5182313970272137	2	
0.508035430143898	None	0.9000628089239925	0.8139026874858615	-3	
0.36798565670530214	None	0.7657631658377326	1	0.45432833079798557	
0.30747120195705735	0.4265805209812754	0.5795039508789341	0.7355966297226382	0.5451624005400645	

Final utility values:
0.6789311733701231	0.9088861966512743	1.1681996347969181	1.5182313951872386	2	
0.5080131308953784	None	0.9000627060355672	0.8139026735184114	-3	
0.3678631040967346	None	0.7657630875927552	1	0.4543282168322556	
0.30741370260687784	0.4265774608636034	0.579503459756563	0.7355965533229669	0.5451622811521024	
